Patient,endothelial,epithelial,fibroblast,immune,stromal
00-13520-8C,0.01857512344227604,0.5102280743004938,0.11568304726075711,0.10204561486009875,0.2534681401363743
00-18339-2E,0.003986332574031891,0.8906605922551253,0.029612756264236904,0.014806378132118452,0.06093394077448747
00-25691-4E,0.015174278846153846,0.6547475961538461,0.1953125,0.013521634615384616,0.12124399038461539
00-8939-2D,0.014270032930845226,0.7703622392974753,0.03402854006586169,0.0015367727771679472,0.17980241492864985
01-16333-3D,0.07526881720430108,0.07252090800477898,0.1996415770609319,0.4019115890083632,0.25065710872162483
01-20792-3H,0.023676880222841225,0.2520891364902507,0.26973073351903437,0.17595171773444754,0.2785515320334262
01-22975-1E,0.03314184710561202,0.32965090587715423,0.18471056120194432,0.17322138753866548,0.27927529827662395
01-24001-1O,0.014069644741470278,0.7615195216320788,0.1494899753781217,0.008793527963418923,0.0661273302849103
01-5730-4A,0.007051762940735184,0.759939984996249,0.19714928732183046,0.026856714178544638,0.00900225056264066
02-5218-4K,0.0059742647058823525,0.5528492647058824,0.11029411764705882,0.014246323529411764,0.3166360294117647
02-7281-5E,0.029850746268656716,0.572139303482587,0.19402985074626866,0.05804311774461028,0.14593698175787728
02-9184-3G,0.02233312538989395,0.18827199001871492,0.150093574547723,0.29981285090455395,0.3394884591391142
03-12457-2O,0.01468189233278956,0.233278955954323,0.5073409461663948,0.0016313213703099511,0.24306688417618272
03-16197-1F,0.003424657534246575,0.9753424657534246,0.0027397260273972603,0.0006849315068493151,0.01780821917808219
03-2396-3C,0.016410614525139665,0.8044692737430168,0.07960893854748603,0.01606145251396648,0.08344972067039107
03-7604-1P,0.016270337922403004,0.056320400500625784,0.07634543178973717,0.011889862327909888,0.8391739674593242
05-15168-7B,0.02011313639220616,0.7806411062225016,0.09050911376492772,0.0785669390320553,0.03016970458830924
1,0.002881844380403458,0.5336215177713737,0.2689721421709894,0.001440922190201729,0.1930835734870317
10,0.007987220447284345,0.7502662406815761,0.1395101171458999,0.005857294994675187,0.09637912673056442
100,0.0020754064337599448,0.4593566240055344,0.1653407125562089,0.008647526807333102,0.3645797301971636
101,0.002002002002002002,0.317650984317651,0.023690357023690357,0.001334668001334668,0.655321988655322
103,0.02857142857142857,0.6668008048289739,0.2861167002012072,0.01006036217303823,0.008450704225352112
104,0.08967391304347826,0.035326086956521736,0.6766304347826086,0.010869565217391304,0.1875
106,0.002642706131078224,0.2584566596194503,0.20560253699788583,0.021141649048625793,0.5121564482029598
107,0.03852002027369488,0.5696908261530664,0.17790167257982767,0.06487582361885454,0.14901165737455652
108,0.03885767790262172,0.005149812734082397,0.4585674157303371,0.04307116104868914,0.45435393258426965
109,0.0038335158817086527,0.34556407447973714,0.4578313253012048,0.000547645125958379,0.192223439211391
11,0.02127659574468085,0.6038357806412946,0.026670662271501347,0.16961342523224454,0.17860353611027868
110,0.06962785114045618,0.1608643457382953,0.4969987995198079,0.21728691476590636,0.055222088835534214
112,0.002384358607534573,0.5851216022889842,0.10491177873152122,,0.30758226037195996
113,0.0003650967506389193,0.34465133260313985,0.10405257393209201,0.0029207740051113546,0.5480102227090179
114,0.005006827492034593,0.8602639963586709,0.02913063268092854,0.002275830678197542,0.10332271279016841
115,0.06409861325115562,0.5402157164869029,0.26440677966101694,0.04560862865947612,0.08567026194144839
116,0.06157556270096463,0.28408360128617366,0.32909967845659166,0.29244372990353695,0.03279742765273312
117,0.0031762837480148226,0.8422445738485972,0.010058231868713605,0.002911593435680254,0.1416093170989942
118,0.01834862385321101,0.7358562691131498,0.21597859327217125,0.002675840978593272,0.027140672782874617
119,0.0032679738562091504,0.2785947712418301,0.18382352941176472,0.00980392156862745,0.5245098039215687
12,0.014124293785310734,0.13135593220338984,0.4477401129943503,0.3672316384180791,0.03954802259887006
120,0.005681818181818182,0.4057486631016043,0.047459893048128345,,0.5411096256684492
121,0.01012507444907683,0.13103037522334723,0.11852293031566409,0.022632519356759976,0.7176891006551519
122,0.00842358604091456,0.4925792218210991,0.3561973525872443,,0.14279983955074207
123,0.01060070671378092,0.14487632508833923,0.6007067137809188,,0.24381625441696114
124,0.005988023952095809,,0.05389221556886228,,0.9401197604790419
125,0.0065170166545981175,0.05068790731354091,0.4837074583635047,0.004344677769732078,0.4547429398986242
127,0.0071912013536379014,0.8741539763113367,0.0071912013536379014,0.0014805414551607445,0.10998307952622674
13,0.010513036164844407,0.6442388561816653,0.25777964676198484,,0.08746846089150546
130,,0.30720823798627,0.17734553775743708,,0.5154462242562929
131,0.03341288782816229,0.6722354813046937,0.273667462211615,0.002386634844868735,0.018297533810660304
133,0.01323943661971831,0.39042253521126763,0.05943661971830986,,0.5369014084507042
134,0.017494356659142212,0.023702031602708805,0.29853273137697517,0.19187358916478556,0.4683972911963883
136,0.003898635477582846,0.5860948667966212,0.11923326835607537,0.06367771280051981,0.22709551656920077
137,0.012980769230769231,0.4182692307692308,0.17548076923076922,0.020192307692307693,0.3730769230769231
138,0.01347905282331512,0.31475409836065577,0.02040072859744991,0.004735883424408015,0.6466302367941712
14,0.03240907454087144,0.24738926899531868,0.3201296362981635,0.12819589485055816,0.2718761253150882
140,0.011347517730496455,0.009929078014184398,0.7361702127659574,0.007801418439716312,0.2347517730496454
142,0.0029940119760479044,0.33532934131736525,0.2934131736526946,0.02694610778443114,0.3413173652694611
144,0.015752741774675973,0.28354935194416747,0.13399800598205383,0.43050847457627117,0.1361914257228315
145,0.04285714285714286,0.2873015873015873,0.15674603174603174,0.11071428571428571,0.4023809523809524
147,0.11594202898550725,0.028985507246376812,0.6231884057971014,0.15942028985507245,0.07246376811594203
148,0.005484460694698354,0.17915904936014626,0.16727605118829983,0.06764168190127971,0.5804387568555759
15,0.10892203771460737,0.10498170560090064,0.3354911342527442,0.3349282296650718,0.11567689276667605
150,0.0203955500618047,0.27564894932014833,0.5377008652657602,0.1588380716934487,0.007416563658838072
151,0.012662337662337663,0.6948051948051948,0.03636363636363636,0.23506493506493506,0.021103896103896104
153,0.015468607825295723,0.04094631483166515,0.7879890809827116,,0.15559599636032756
154,,0.29754601226993865,0.2791411042944785,0.0081799591002045,0.41513292433537835
155,0.07719928186714542,0.2505770710438574,0.026160553988202103,0.09694793536804308,0.549115157732752
156,0.004434589800443459,0.43015521064301554,0.15299334811529933,,0.4124168514412417
157,0.008385744234800839,0.09014675052410902,0.589098532494759,0.008385744234800839,0.3039832285115304
159,0.003586065573770492,0.27151639344262296,0.2843237704918033,0.025614754098360656,0.4149590163934426
16,0.0025,0.3125,0.2075,,0.4775
160,0.00519705500216544,0.7414465136422694,0.0909484625378952,0.0043308791684712,0.15807708964919878
161,0.017195767195767195,0.5512566137566137,0.20403439153439154,0.007275132275132275,0.22023809523809523
163,0.019664268585131893,0.16211031175059953,0.45275779376498804,0.029256594724220625,0.33621103117505996
164,0.004966887417218543,0.42632450331125826,0.5637417218543046,,0.004966887417218543
165,0.019316493313521546,0.1686478454680535,0.6768202080237742,0.05572065378900446,0.07949479940564635
166,0.013163867453472538,0.6209714026327735,0.22151611438946892,0.004539264639128461,0.1398093508851566
168,0.004086181277860327,0.5791233283803864,0.17533432392273401,0.043833580980683504,0.1976225854383358
169,0.004139358399448086,0.40186271127975165,0.04553294239392894,0.0010348395998620215,0.5474301483270093
17,0.012760241773002015,0.847548690396239,0.11517797179314976,0.019476158495634655,0.005036937541974479
170,0.019404019404019403,0.7678447678447679,0.2072072072072072,0.002772002772002772,0.002772002772002772
171,0.004035874439461884,0.2282511210762332,0.11838565022421525,0.0013452914798206279,0.647982062780269
172,0.0013215859030837004,0.35286343612334803,0.07797356828193833,0.0004405286343612335,0.5674008810572687
174,0.00031104199066874026,0.8136858475894245,0.04416796267496112,0.006531881804043546,0.13530326594090203
176,0.03898939488459139,0.28041172800998126,0.025577043044291953,0.0015595757953836558,0.6534622582657517
178,0.00324254215304799,0.0927367055771725,0.08430609597924774,,0.8197146562905318
179,0.05080545229244114,0.5597893432465924,0.14312267657992564,0.21313506815365552,0.03314745972738538
18,0.0014534883720930232,0.06976744186046512,0.04505813953488372,0.003633720930232558,0.8800872093023255
180,0.026842105263157896,0.7826315789473685,0.10421052631578948,0.06947368421052631,0.016842105263157894
182,,0.7422520661157025,0.07747933884297521,0.0005165289256198347,0.1797520661157025
183,0.0054249547920434,0.29053646775165765,0.16576250753465943,0.02591922845087402,0.5123568414707655
184,0.009577970667464832,0.13289434301107453,0.06554923675546244,0.2439389404369949,0.5480395091290033
186,0.025076673281616453,0.4484935955258885,0.06386433339346924,0.28522460761320584,0.17734079018581994
187,,,0.4420289855072464,,0.5579710144927537
188,0.0008291873963515755,0.30016583747927034,0.5514096185737977,,0.14759535655058043
189,0.0015929908403026682,0.5209080047789725,0.07845479888490642,,0.39904420549581837
19,0.004771642808452625,0.5310156782549421,0.14519427402862986,0.0023858214042263124,0.3166325835037491
190,0.001584786053882726,0.22820919175911253,0.38114104595879555,0.14896988906497624,0.24009508716323297
191,0.010824022346368716,0.7967877094972067,0.08100558659217877,0.049231843575418995,0.06215083798882681
192,0.013761467889908258,0.44495412844036697,0.24587155963302754,0.008256880733944955,0.2871559633027523
193,0.09774990778310587,0.007746219107340465,0.3600147547030616,0.06639616377720399,0.46809295462928807
194,0.004754358161648178,0.24247226624405704,0.6798732171156894,0.058637083993660855,0.014263074484944533
196,0.0028089887640449437,0.25,0.09176029962546817,0.015917602996254682,0.6395131086142322
198,0.006539000467071462,0.15506772536198038,0.020551144325081736,0.004670714619336758,0.8131714152265297
199,0.006233766233766234,0.48363636363636364,0.42753246753246754,0.0025974025974025974,0.08
2,0.012664393570384803,0.40379931807111547,0.2513395031660984,0.017048222113979543,0.3151485630784218
200,0.006007646095030038,0.523211359912616,0.1916985253959585,0.002730748225013654,0.2763517203713818
201,0.04688950789229341,0.45264623955431754,0.4452181987000928,0.03574744661095636,0.019498607242339833
202,0.011655011655011656,0.7020979020979021,0.2717948717948718,0.005128205128205128,0.009324009324009324
205,0.0018270401948842874,0.6985383678440926,0.24604141291108406,0.020097442143727162,0.03349573690621194
206,0.00133422281521014,0.533689126084056,0.04469646430953969,0.12608405603735823,0.2941961307538359
207,0.004891969017529555,0.5743986954749286,0.32898491642886263,0.027721157766000815,0.06400326131267835
208,0.03234686854783207,0.3943565037852719,0.4865794907088782,0.014452856159669649,0.07226428079834825
209,0.0013449899125756557,0.4929388029589778,0.24075319435104237,,0.2649630127774042
21,0.02564102564102564,0.34375,0.48157051282051283,0.07051282051282051,0.07852564102564102
210,0.01694915254237288,0.14565677966101695,0.2219279661016949,0.010063559322033898,0.6054025423728814
211,0.01026811180832858,0.49229891614375354,0.13405590416428978,0.0017113519680547634,0.3616657159155733
213,0.0036463081130355514,0.5606198723792161,0.4211485870556062,0.004557885141294439,0.010027347310847767
214,,0.2694980694980695,0.5915057915057915,0.006177606177606178,0.13281853281853281
215,0.008106543138390272,0.3167342211928199,0.5165026056745802,0.012159814707585408,0.1464968152866242
216,0.007985257985257985,0.4146191646191646,0.05466830466830467,0.0006142506142506142,0.5221130221130221
217,0.0031598904571308196,0.2871287128712871,0.1691594691384032,0.05687802822835475,0.4836738993048241
219,0.020297029702970298,0.3178217821782178,0.25643564356435644,0.022277227722772276,0.3831683168316832
222,0.02190362405416169,0.7096774193548387,0.06969334926324174,0.016726403823178016,0.18199920350457985
223,0.0024473813020068525,0.4997552618697993,0.06363191385217817,,0.43416544297601567
224,0.01238390092879257,0.22213622291021673,0.2043343653250774,0.1130030959752322,0.4481424148606811
225,0.016891891891891893,0.6000844594594594,0.015202702702702704,0.0004222972972972973,0.36739864864864863
226,0.004456094364351245,0.9619921363040629,0.005242463958060288,0.007601572739187418,0.02070773263433814
227,0.0007230657989877079,0.6514822848879248,0.10918293564714389,0.0021691973969631237,0.23644251626898047
229,0.00209819555182543,0.8741082668904742,0.002517834662190516,,0.12127570289550986
23,0.01485655737704918,0.39190573770491804,0.38985655737704916,0.14344262295081966,0.05993852459016393
230,0.046840958605664486,0.2369281045751634,0.6399782135076253,0.054466230936819175,0.02178649237472767
232,0.01020986954055587,0.4163357912648894,0.09926262053318208,0.003970504821327283,0.4702212138400454
233,0.033950617283950615,0.43703703703703706,0.3395061728395062,0.18518518518518517,0.004320987654320987
234,0.018983807928531545,0.8492462311557789,0.06420993858179788,0.01340033500837521,0.05415968732551647
236,0.014526710402999063,0.36082474226804123,0.4062792877225867,0.0037488284910965324,0.21462043111527648
237,0.006727534839019702,0.1782796732340221,0.3772224891878904,0.025949062950504566,0.41182123978856316
238,0.012152777777777778,0.5483630952380952,0.2527281746031746,0.016617063492063492,0.1701388888888889
24,0.0011074197120708748,0.5038759689922481,0.10520487264673312,,0.38981173864894797
240,0.03641304347826087,0.7516304347826087,0.12445652173913044,0.03369565217391304,0.05380434782608696
241,0.02878787878787879,0.6823232323232323,0.2292929292929293,0.021717171717171718,0.03787878787878788
242,0.012738853503184714,0.589171974522293,0.25,0.10987261146496816,0.03821656050955414
243,0.0472972972972973,0.3277027027027027,0.375,0.06587837837837837,0.18412162162162163
244,0.004866180048661801,0.36739659367396593,0.4744525547445255,0.0008110300081103001,0.15247364152473641
245,0.020126509488211614,0.015526164462334674,0.17883841288096608,0.012075905692926969,0.7734330074755607
246,0.011904761904761904,0.8591269841269841,0.06547619047619048,0.003968253968253968,0.05952380952380952
247,0.015421521590130226,0.3560657984921179,0.19191226867717615,0.0027416038382453737,0.43385880740233035
248,0.0017513134851138354,0.30823117338003503,0.0595446584938704,0.01576182136602452,0.6147110332749562
25,,0.8937555489789879,0.031074282332050902,0.0002959455460195324,0.0748742231429417
250,0.0054525627044711015,0.4089422028353326,0.37840785169029445,0.006543075245365322,0.20065430752453653
251,,0.12896622313203684,0.19242579324462641,0.0020470829068577278,0.676560900716479
252,0.0030809859154929575,0.4498239436619718,0.07658450704225352,0.009683098591549295,0.4608274647887324
253,0.0020161290322580645,0.5070564516129032,0.1350806451612903,0.0020161290322580645,0.3538306451612903
254,0.021285653469561516,0.3933588761174968,0.24904214559386972,0.005959982971477224,0.33035334184759474
256,0.01590713671539123,0.33920894239036975,0.36156491831470333,0.0021496130696474634,0.28116938950988823
257,0.007036059806508356,0.6751685722661976,0.028144239226033423,0.005277044854881266,0.28437408384637936
258,0.004929143561306223,0.4651879235982748,0.07825015403573629,0.0061614294516327784,0.4454713493530499
259,,0.7050919377652051,0.20226308345120225,0.06258840169731258,0.030056577086280057
26,0.001763668430335097,0.6375661375661376,0.31040564373897706,0.0026455026455026454,0.047619047619047616
260,0.009698825931597753,0.697294538029607,0.24247064828994386,0.012761613067891782,0.03777437468095967
261,0.019261637239165328,0.5445425361155698,0.02608346709470305,0.1115569823434992,0.2985553772070626
265,0.010526315789473684,0.18947368421052632,0.18947368421052632,0.010526315789473684,0.6
267,0.005087209302325582,0.5777616279069767,0.1119186046511628,0.003633720930232558,0.3015988372093023
269,0.015897755610972567,0.6265586034912718,0.192643391521197,0.00529925187032419,0.1596009975062344
27,0.010922992900054615,0.7367558711086838,0.1370835608956854,0.0010922992900054614,0.11414527580557073
270,0.04043998705920414,0.6538337107732125,0.07699773536072468,0.14073115496603042,0.08799741184082821
272,0.0039001560062402497,0.12714508580343215,0.7472698907956318,0.06006240249609984,0.06162246489859594
274,,0.06542056074766354,0.5163551401869159,0.037383177570093455,0.3808411214953271
276,0.02053915275994865,0.8539794608472401,0.035622593068035946,0.01540436456996149,0.07445442875481387
28,0.00451693851944793,0.47452948557089086,0.34429109159347554,0.0075282308657465494,0.16913425345043914
282,0.007563479200432199,0.6785521339816315,0.20097244732576985,0.0032414910858995136,0.10967044840626688
283,0.009513742071881607,,0.022727272727272728,0.0005285412262156448,0.96723044397463
284,0.008188331627430911,0.3367451381780962,0.3623336745138178,0.13715455475946775,0.1555783009211873
285,0.000649772579597141,0.7605588044184536,0.20565302144249512,0.005847953216374269,0.02729044834307992
29,,0.2381596752368065,0.016238159675236806,,0.7456021650879567
3,0.008620689655172414,0.09655172413793103,0.7689655172413793,0.0008620689655172414,0.125
31,0.0009019843656043296,0.5189416716776909,0.09861695730607337,,0.38153938665063136
33,0.0297029702970297,0.1898868458274399,0.28253182461103254,0.2698019801980198,0.22807637906647807
34,0.0016519823788546256,0.4950440528634361,0.44162995594713655,0.011563876651982379,0.05011013215859031
37,0.010343206393982134,0.7202632816173014,0.11706629055007052,0.003291020216267043,0.14903620122237893
38,0.04185022026431718,0.637114537444934,0.0605726872246696,0.042400881057268726,0.21806167400881057
39,0.023785425101214574,0.5799595141700404,0.28694331983805665,,0.10931174089068826
4,0.01540436456996149,0.4150620453572957,0.5678219940094138,,0.0017115960633290544
40,0.0015282730514518594,0.47274579724910853,0.1889964340295466,0.043301069791136015,0.293428425878757
41,0.0008233841086867024,0.7274598600247015,0.11486208316179498,,0.1568546727048168
42,0.014592933947772658,0.5476190476190477,0.130568356374808,0.0038402457757296467,0.3033794162826421
43,0.014607425441265977,0.14120511259890445,0.10651247717589775,0.41509433962264153,0.3225806451612903
44,0.022820629849383843,0.6677316293929713,0.1378366042902784,0.0009128251939753537,0.17069831127339113
45,0.0074503311258278145,0.28021523178807944,0.0028973509933774835,0.0028973509933774835,0.7065397350993378
46,0.011131725417439703,0.37012987012987014,0.048701298701298704,0.044990723562152134,0.5250463821892394
47,0.020843924758515507,0.2836807320793086,0.5932892730045755,0.08439247585155059,0.017793594306049824
48,0.008133387555917039,0.4371695811305409,0.02887352582350549,0.004066693777958519,0.5217568117120781
50,0.018344519015659956,0.017002237136465325,0.6058165548098434,0.11767337807606264,0.2411633109619687
51,0.004850444624090542,0.3945028294260307,0.15198059822150364,0.010509296685529508,0.4381568310428456
53,0.0044742729306487695,0.40324384787472034,0.20749440715883669,0.0005592841163310962,0.38422818791946306
54,0.019130434782608695,0.2582608695652174,0.033478260869565214,0.003043478260869565,0.6860869565217391
55,,0.4128521126760563,0.511443661971831,0.018485915492957746,0.05721830985915493
56,0.0007616146230007616,0.341964965727342,0.10624523990860625,0.026275704493526276,0.5247524752475248
57,0.008290155440414507,0.18549222797927462,0.24248704663212436,0.06839378238341969,0.49533678756476685
58,0.0020817069997397866,0.7759562841530054,0.012230028623471247,0.0468384074941452,0.1628935727296383
59,0.030914826498422712,0.29905362776025235,0.004100946372239748,0.0003154574132492114,0.6656151419558359
6,0.0014234875444839859,0.0014234875444839859,0.35658362989323844,0.01494661921708185,0.6256227758007118
60,0.005067567567567568,0.02364864864864865,0.4724099099099099,,0.4988738738738739
61,0.006752608962553714,0.0006138735420503376,0.2952731737262124,0.006138735420503376,0.6912216083486802
63,0.005119453924914676,0.8648464163822526,0.06279863481228669,0.008191126279863481,0.059044368600682594
64,0.027080581241743725,0.3956406869220608,0.142998678996037,0.0440885072655218,0.3901915455746367
67,0.01464354527938343,0.2836223506743738,0.3626204238921002,0.2886319845857418,0.05048169556840077
68,0.008900523560209424,0.4884816753926702,0.3879581151832461,0.008376963350785341,0.10628272251308901
7,0.001009421265141319,0.5040376850605652,0.05450874831763122,0.001009421265141319,0.43943472409152085
70,,0.32221283783783783,0.11908783783783784,0.07179054054054054,0.48690878378378377
71,0.027163613392293114,0.5173720783322805,0.12823752368919772,,0.32722678458622867
72,0.0026371308016877636,0.75,0.18618143459915612,0.0290084388185654,0.03217299578059072
73,0.004448398576512456,0.4488434163701068,0.28558718861209964,0.1045373665480427,0.15658362989323843
74,0.0017953321364452424,0.9425493716337523,0.040694195092758824,0.0047875523638539795,0.010173548773189706
75,0.012933568489124045,0.47854203409758966,0.12757201646090535,0.284538506760729,0.09641387419165197
77,,0.0016090104585679806,0.502815768302494,0.008849557522123894,0.48672566371681414
8,0.008248730964467006,0.01903553299492386,0.8267766497461929,0.015228426395939087,0.13071065989847716
80,0.024721543058951374,0.49660418364574843,0.27030698179842433,0.0019016571583808748,0.20646563433849496
81,0.0004580852038479157,0.6912505726065048,0.18873110398534126,,0.119560238204306
82,0.036991670749632534,0.0881920627143557,0.054875061244487995,0.1533561979421852,0.6665850073493386
83,0.007569204152249135,0.20242214532871972,0.1554930795847751,0.25908304498269896,0.3754325259515571
84,0.001851851851851852,0.009259259259259259,0.1259259259259259,0.08703703703703704,0.7759259259259259
86,0.015605493133583021,0.31086142322097376,0.10486891385767791,0.0018726591760299626,0.5667915106117354
87,0.005249343832020997,0.5846456692913385,0.38648293963254593,,0.023622047244094488
89,0.0015503875968992248,0.30749354005167956,0.016020671834625324,0.046511627906976744,0.6284237726098191
9,0.0009337068160597573,0.7408963585434174,0.1484593837535014,,0.10971055088702147
90-13787-A,0.0031128404669260703,0.1888456549935149,0.21089494163424125,0.16342412451361868,0.4337224383916991
90-21775-1C,0.04759319580166486,0.5130293159609121,0.4069851610568223,0.027506333695258775,0.004885993485342019
90-526-2M,0.001536983669548511,0.5829010566762728,0.15465898174831894,0.03170028818443804,0.22920268972142172
90-8392-1A,0.0028368794326241137,0.4229529335912315,0.21586073500967118,0.14468085106382977,0.21366860090264345
91,0.0044233807266982625,0.7560821484992101,0.21706161137440758,0.001263823064770932,0.021169036334913113
91-14419-FSC,,0.06593406593406594,0.04395604395604396,0.02197802197802198,0.8681318681318682
91-19553-2A,0.014879816863792446,0.8922803001398957,0.05112552460892789,0.009538344143456695,0.032176014243927256
91-21790-2D,0.008102822017323274,0.6680637049455155,0.13020396758871194,0.032411288069293095,0.16121821737915618
91-4045-F,0.004473558076370027,0.66416360440965,0.1108803323214571,0.04968844863396709,0.17079405655855567
92-10570-2E,0.0034588777863182167,0.3066871637202152,0.14930822444273636,0.06072252113758647,0.4798232129131437
92-16604-B,0.0053475935828877,0.3416348357524828,0.009778456837280366,0.08708938120702826,0.5561497326203209
92-20731-A,0.0014456089627755693,0.4588001445608963,0.03740513191181785,0.24731960004818695,0.25502951451632333
92-28299-1B,0.018904507998061076,0.43092583616093066,0.21303926320891906,0.048230731943771206,0.28889966068831796
93-15874-A,0.0002588326646822829,0.6271515465251715,0.01617704154264268,0.030930503429532807,0.32548207583797073
93-21557-1A,0.0012065960584528757,0.4059525405550342,0.1418420699825714,0.2641104705724628,0.18688832283147874
93-24333-1B,0.004298764105319721,0.2649113379903278,0.19828049435787212,0.3524986566362171,0.1800107469102633
93-9531-1A,0.006634721710283818,0.850718761518614,0.058975304091411725,0.0007371913011426465,0.08293402137854773
94,0.013957676722197209,0.6816749212066636,0.2089149031967582,0.062134173795587576,0.033318325078793336
94-2575-1B,0.006666666666666667,0.05333333333333334,0.07333333333333333,,0.8666666666666667
94-3557-A,0.0007057163020465773,0.5596330275229358,0.40225829216654907,0.007057163020465773,0.030345800988002825
94-6524-1F,0.01903995709305444,0.21319388576025744,0.1024403325288281,0.28104049342987397,0.3842853311879861
94-7523-1B,0.006628314157078539,0.73911955977989,0.10042521260630315,0.016508254127063533,0.13731865932966483
95,0.00535475234270415,0.5876840696117804,0.37304774654172246,0.009817045961624275,0.024096385542168676
95-12547-3A,0.0021016681991330617,0.42466833048732433,0.09037173256272166,0.10547747274399054,0.37738079600683044
96-14307-G,0.02489780750650316,0.5804533630620587,0.15607580824972128,0.03678929765886288,0.20178372352285395
96-17407-C,0.058568777067436587,0.6504433903897711,0.1497215920808414,0.03382140647556197,0.10744483398638895
96-9792-1I,0.009202023040179827,0.3898567013205957,0.25217757797134027,0.18614779432424838,0.16261590334363585
97,0.002835873803615739,0.6168025522864232,0.2250974831619993,0.004253810705423609,0.1510102800425381
97-11719-4D,0.029271613342409804,0.29009044053291844,0.39677137022269765,0.16318195079257025,0.12068462510940386
97-15244-1H,0.027076222980659842,0.6746302616609784,0.00955631399317406,0.127872582480091,0.1608646188850967
97-17471-1D,0.01341054556537641,0.4751600121914051,0.49649497104541296,0.004571776897287412,0.010362694300518135
97-19088-2K,0.006498194945848376,0.7566787003610108,0.14416365824308064,0.039229843561973524,0.053429602888086646
97-8115-B,0.014794520547945205,0.7945205479452054,0.03780821917808219,0.001095890410958904,0.15178082191780823
98,0.0045362903225806455,0.6935483870967742,0.08417338709677419,0.0010080645161290322,0.21673387096774194
98-10384-2E,0.016731141199226307,0.512669245647969,0.45502901353965186,0.01276595744680851,0.002804642166344294
98-15913-C,0.006214536611726561,0.8827343961091597,0.06727911375303972,0.0002701972439881113,0.04350175628208592
98-22711-1F,0.013795481979651664,0.6985687187446111,0.21779617175375066,0.026038972236592517,0.043800655285394036
98-9915-4O/N,0.0840217610316341,0.05722345355631674,0.21237154946604875,0.14346161595808987,0.5029216199879105
99-23192-1B,0.05680301007403811,0.6261682242990654,0.20281587571307197,0.057895375652385,0.056317514261439494
99-3530-2D,0.014231824417009603,0.13734567901234568,0.06464334705075446,0.4849965706447188,0.29878257887517146
99-6921-F,0.01854270044398015,0.7020109689213894,0.15513188822146776,0.029772786628362496,0.09454165578480021
Apr-64,0.11862925080863712,0.6631698575050267,0.07133490689745607,0.11740536760206312,0.02946061718681703
JP-TMA2-1_scene01,0.02842514124293785,0.752295197740113,0.06320621468926553,0.012358757062146893,0.1437146892655367
JP-TMA2-1_scene02,0.02291703677384971,0.8896784508793747,0.06661929294723752,0.006750755018653402,0.014034464380884704
JP-TMA2-1_scene03,0.014826021180030256,0.9816944024205749,0.0016641452344931921,0.000907715582450832,0.000907715582450832
JP-TMA2-1_scene04,0.018835616438356163,0.3955479452054795,0.015410958904109588,0.011986301369863013,0.5582191780821918
JP-TMA2-1_scene05,0.032153032153032154,0.002849002849002849,0.9454619454619455,0.008954008954008955,0.010582010582010581
JP-TMA2-1_scene06,0.03630705394190872,0.8846818810511756,0.03613416320885201,0.042185338865836794,0.0006915629322268327
JP-TMA2-1_scene07,0.03630412141050439,0.6568962951941676,0.04701681297425978,0.14566284779050737,0.11411992263056092
JP-TMA2-1_scene08,0.0027739251040221915,0.9144706426259824,0.018030513176144243,0.006010171058714748,0.058714748035136384
JP-TMA2-1_scene09,0.020888355342136854,0.17695078031212486,0.7459783913565426,0.011764705882352941,0.04441776710684274
JP-TMA2-1_scene10,0.03146769156858035,0.0031227480182560653,0.9161662262791256,0.03146769156858035,0.017775642565457602
JP-TMA2-1_scene11,0.02306788128122245,0.0531883632089333,0.45885982956215104,0.08551278283867177,0.3793711431090214
JP-TMA2-1_scene12,0.002824858757062147,0.6252354048964218,0.014124293785310734,0.0583804143126177,0.2994350282485876
JP-TMA2-1_scene13,0.018796151264264937,0.7500559409263817,0.052360707093309464,0.016110986797941373,0.1626762139181025
JP-TMA2-1_scene14,0.016093781045102326,0.9642360421219949,0.00039737730975561295,0.009537055434134712,0.009735744089012517
JP-TMA2-1_scene15,0.05479857819905213,0.3447867298578199,0.06457345971563981,0.3166469194312796,0.21919431279620852
JP-TMA2-1_scene16,0.008048289738430584,0.8913480885311871,0.09004024144869216,0.009054325955734407,0.0015090543259557343
JP-TMA2-1_scene17,0.04107796964939822,0.6480900052328624,0.011773940345368918,0.18602825745682888,0.1130298273155416
JP-TMA2-1_scene18,0.01074938574938575,0.9284398034398035,0.0015356265356265355,0.04407248157248157,0.015202702702702704
JP-TMA2-1_scene19,0.04824719913263462,0.23328514636790748,0.610950487893025,0.05475243946512468,0.052764727141308275
JP-TMA2-1_scene20,0.00784313725490196,0.9123529411764706,0.07588235294117647,0.00392156862745098,
JP-TMA2-1_scene21,0.030643513789581207,0.7926455566905005,0.0602655771195097,0.054136874361593465,0.06230847803881512
JP-TMA2-1_scene22,0.09640203363316387,0.8279233476730543,0.005670707860774345,0.044779037935080174,0.02522487289792726
JP-TMA2-1_scene23,0.005049524179452321,0.9403767721887745,0.010681685764226064,0.008351136142940377,0.03554088172460672
JP-TMA2-1_scene24,0.014337364418401695,0.9402817603790051,0.00037401820221917467,0.029672110709387856,0.015334746290986162
JP-TMA2-1_scene25,0.02073330423395897,0.3924050632911392,0.06525534701003928,0.00960279353993889,0.5120034919249236
JP-TMA2-1_scene26,0.021634615384615384,0.7657585470085471,0.02403846153846154,0.12606837606837606,0.0625
JP-TMA2-1_scene27,0.006920415224913495,0.9917487356933724,,0.0005323396326856535,0.0007985094490284802
JP-TMA2-1_scene28,0.06172839506172839,0.24074074074074073,0.05740740740740741,0.17839506172839506,0.4617283950617284
JP-TMA2-1_scene29,0.04169825625473844,0.25018953752843065,0.3062926459438969,0.09097801364670205,0.310841546626232
JP-TMA2-1_scene30,0.018575851393188854,0.3166338305657191,0.5139318885448917,0.02730087250211089,0.1235575569940895
JP-TMA2-1_scene31,0.06321968841724994,0.20320614134116052,0.6021675321743057,0.12689094603748025,0.004515692029803568
JP-TMA2-1_scene32,0.0016265452179570592,0.5458685751463891,0.02992843201040989,0.14443721535458687,0.2781392322706571
JP-TMA2-1_scene33,0.03294266708900855,0.6582198289515363,0.17833386126069053,0.014887551472917327,0.11561609122584732
JP-TMA2-1_scene34,0.053524229074889865,0.6925110132158591,0.028854625550660793,0.17334801762114538,0.051762114537444934
JP-TMA2-1_scene35,0.013408973697782363,0.19941550627471205,0.14835826027161766,0.3529310641223999,0.28588619563348805
JP-TMA2-1_scene36,0.029347349978098992,0.5510293473499781,0.32369689005694263,0.0510293473499781,0.04489706526500219
JP-TMA2-1_scene37,0.05146316851664985,0.7916966988611792,0.02868675219835664,0.1231079717457114,0.005045408678102927
JP-TMA2-1_scene38,0.022054380664652568,0.8229607250755288,0.14169184290030212,0.01027190332326284,0.0030211480362537764
JP-TMA2-1_scene39,0.042261731273681144,0.034392305450306034,0.35295832118915765,0.5164675021859516,0.053920139900903524
JP-TMA2-1_scene40,0.0905373831775701,0.5171339563862928,0.05529595015576324,0.22176791277258567,0.11526479750778816
JP-TMA2-1_scene41,0.015316315205327414,0.46037735849056605,0.2483906770255272,0.22597114317425082,0.049944506104328525
JP-TMA2-1_scene42,0.01962421711899791,0.669937369519833,0.2509394572025052,0.05803757828810021,0.0014613778705636743
M1,0.00768775872264932,0.15671200473092844,0.017740981667652277,0.06209343583678297,0.755765819041987
M10,0.02037392138063279,0.44942473633748803,0.3113614573346117,0.10930009587727708,0.10953978906999041
M11,0.013907888736890105,0.9106247150022799,0.02051983584131327,0.03853169174646603,0.016415868673050615
M12,0.018345563709139426,0.5565376917945297,0.10440293529019347,0.28385590393595733,0.03685790527018012
M13,0.01988367374543487,0.3961855809549574,0.30582983903692684,0.14121466251859868,0.13688624374408223
M14,0.005020274184205445,0.8501641243483298,0.06951148870438309,0.018343309519212203,0.05696080324386947
M15,0.003074085459575776,0.4875499538887181,0.003381494005533354,,0.5059944666461728
M16,0.0847457627118644,0.19695543000627747,0.039861895794099184,0.6045197740112994,0.0739171374764595
M17,0.007292616226071103,0.636888483743543,0.07596475235490732,0.2689152233363719,0.010938924339106655
M18,0.001867607387424777,0.8541191118489313,0.010790620460676489,0.0029051670471052084,0.1303174932558622
M19,0.0030838239416876925,0.8074011774600505,0.05354639753294085,,0.135968601065321
M2,0.015691402419091206,0.17587446878064728,0.46485779666557697,0.016672115070284408,0.32690421706440015
M20,0.0012077294685990338,0.855072463768116,0.01884057971014493,0.016666666666666666,0.10821256038647344
M21,0.0007846214201647705,0.7610827775598273,0.06159278148293448,0.004119262455865045,0.17242055708120832
M22,0.0010518934081346423,0.485273492286115,0.0038569424964936885,0.0007012622720897616,0.5091164095371669
M23,0.0512008445500132,0.6239113222486145,0.0831353919239905,0.005278437582475587,0.23647400369490632
M24,0.0009626955475330926,0.8823104693140794,0.04019253910950662,,0.07653429602888087
M25,0.0021626297577854673,0.7629757785467128,0.1457612456747405,0.0012975778546712802,0.08780276816608996
M26,0.000998003992015968,0.6477045908183633,0.024550898203592814,,0.3267465069860279
M27,0.018051499867268384,0.6883461640562782,0.07459516856915317,0.0037164852667905496,0.21529068224050968
M28,0.012806026365348399,0.27419962335216574,0.06120527306967985,0.6080979284369115,0.043691148775894535
M29,0.0010907504363001745,0.5992582897033158,0.20746073298429318,0.07591623036649214,0.1162739965095986
M3,0.009377526273241715,0.5700889248181084,0.16426839126919968,0.13516572352465642,0.12109943411479386
M30,0.020781469856045027,0.13291481762095464,0.03907349280225133,0.789695854529711,0.01753436519103799
M31,0.028882093102276588,0.8987427794767244,0.04519198097179748,0.0006795786612300374,0.026503567787971458
M32,0.0792169360346005,0.4295470066014113,0.07375369906669701,0.3812884133849306,0.036193944912360575
M33,0.0005980861244019139,0.6267942583732058,0.21949760765550239,0.004784688995215311,0.14832535885167464
M34,0.0015206812652068127,0.35097323600973235,0.0036496350364963502,,0.6438564476885644
M35,0.009819727392642533,0.08896379891543309,0.06639308222189652,0.7543602520885241,0.08046313938150373
M36,0.008009611533840609,0.24909891870244294,0.42050460552663194,0.0500600720865038,0.2723267921505807
M37,0.06468389403542987,0.19746465138956606,0.22818137493905413,0.16219730212904274,0.3474727775069072
M38,0.0076605774896876845,0.6885680612846199,0.24012964054213318,0.01473187978786093,0.04890984089569829
M39,0.02627166014533259,0.5612073784237004,0.004471771939631079,0.07154835103409726,0.33650083845723866
M4,0.018944731485830594,0.3784249256301863,0.2860497886331611,0.18882104274307188,0.1277595115077501
M40,0.08256192144108081,0.24943707780835628,0.33650237678258693,0.2171628721541156,0.1143357518138604
M41,0.008272750062672349,0.32288794184006014,0.30433692654800704,0.07370268237653547,0.29079969917272497
M5,0.08939793229272248,0.4467869450638557,0.28745185485505775,0.07236975471315629,0.10399351307520778
M6,0.020366598778004074,0.4621366413627106,0.16478429920385113,0.01573782632845769,0.3369746343269765
M7,0.0005518763796909492,0.5836092715231788,0.10568432671081678,,0.31015452538631344
M8,,0.42448661294515205,0.12555237847673512,,0.44996100857811283
M9,0.03144186046511628,0.4874418604651163,0.1415813953488372,0.16241860465116278,0.17711627906976743
NB-05-12002,0.021994134897360705,0.6026392961876833,0.21065493646138808,0.023949169110459433,0.14076246334310852
S97-19800-C,0.01880443388756928,0.581353919239905,0.3452098178939034,0.009699129057798891,0.04493269992082344
S99-18421-D,0.014508928571428572,0.49776785714285715,0.19196428571428573,0.06696428571428571,0.22879464285714285
Z1,0.016766467065868262,0.5345309381237525,0.40039920159680636,0.030738522954091817,0.017564870259481037
Z11,0.02186523873270861,0.6488174921909862,0.29451137884872824,0.016956715751896476,0.0178491744756805
Z12,0.016060862214708368,0.8453085376162299,0.04649196956889264,0.07297830374753451,0.019160326852634545
Z13,0.032276119402985075,0.5156716417910447,0.3427238805970149,0.07257462686567165,0.03675373134328358
Z14,0.02686703096539162,0.6721311475409836,0.25956284153005466,0.020491803278688523,0.020947176684881604
Z15,0.027891409445890667,0.04165117143919673,0.7649683897359614,0.031238378579397545,0.13425065079955373
Z18,0.06415929203539823,0.25442477876106195,0.6084070796460177,0.028761061946902654,0.04424778761061947
Z19,0.04754024371897096,0.4857830600270799,0.07522190461862495,0.3740033097638032,0.017451481871520985
Z2,0.04072831816003833,0.5553425970292286,0.24484906564446574,0.01581217057977959,0.14326784858648778
Z20,0.027409988385598143,0.7089430894308943,0.23925667828106853,0.009523809523809525,0.0148664343786295
Z21,0.040845472722079404,0.41616680948300483,0.2727792059411597,0.1533847472150814,0.11682376463867467
Z22,0.03857381150959133,0.457256046705588,0.20746455379482903,0.23269391159299416,0.0640116763969975
Z24,0.004958047292143402,0.8192219679633868,0.059496567505720827,0.008390541571319604,0.10793287566742944
Z25,0.01986491855383393,0.6301152165276123,0.16448152562574495,0.11283273738577672,0.07270560190703218
Z26,0.018691588785046728,0.5514018691588785,0.3786554115164305,0.02351522460054266,0.027735905939101597
Z27,0.04832214765100671,0.43460104399701716,0.198806860551827,0.30037285607755404,0.017897091722595078
Z28,0.018664909969257796,0.43346508563899866,0.13614404918752745,0.3818620992534036,0.029863855950812472
Z29,0.018518518518518517,0.5669515669515669,0.34045584045584043,0.05128205128205128,0.022792022792022793
Z3,0.023495564612802684,0.5861903620234956,0.2047470630544234,0.033325341644689525,0.15224166866458883
Z30,0.015986537652503154,0.14135464871687,0.2818679007151872,0.02566259991586033,0.5351283129995793
Z31,0.031961722488038274,0.7311004784688995,0.08019138755980862,0.14334928229665073,0.013397129186602871
Z32,0.042136498516320474,0.4077151335311573,0.458160237388724,0.058160237388724036,0.03382789317507418
Z33,0.055,0.12857142857142856,0.185,0.6121428571428571,0.019285714285714285
Z35,0.097997443544951,0.04090328078397955,0.37963357477631016,0.44056242011077973,0.04090328078397955
Z37,0.020833333333333332,0.7258333333333333,0.10583333333333333,0.05416666666666667,0.09333333333333334
Z39,0.02040816326530612,0.5768707482993197,0.3006802721088435,0.06258503401360545,0.03945578231292517
Z4,0.030522503879979308,0.4273150543197103,0.4180031039834454,0.028453181583031558,0.09570615623383343
Z40,0.023735810113519093,0.5933952528379773,0.18937048503611972,0.10345717234262126,0.09004127966976264
Z41,0.019114367633004142,0.49442497610704045,0.4256132526282255,0.028990124243389613,0.03185727938834024
Z42,0.015633724176437745,0.5086543830262423,0.4204355108877722,0.009491903964265773,0.04578447794528197
Z43,0.037469586374695864,0.5518248175182482,0.27445255474452557,0.06715328467153285,0.06909975669099756
Z44,0.020601148260722728,0.3988517392772712,0.5170550489699426,0.034447821681864235,0.029044241810199257
Z46,0.015897047691143074,0.14988644965934897,0.48750946252838756,0.13096139288417866,0.2157456472369417
Z47,0.03790778203025333,0.3743393475487516,0.33260433752505925,0.1950063787133224,0.06014215418261345
